Naive

6.702333333333333e-07
1.7843933333333334e-05
0.0008617720666666667
0.0377331516
3.6581210046
317.9792882684333

Opt 1

3.6006e-06
1.1415033333333333e-05
8.172236666666666e-05
0.0007857219666666666
0.0072277109
0.12740512826666667
1.152580118
12.5736501159

Opt 2

9.489333333333333e-07
6.0011e-06
4.09741e-05
0.0003439293333333333
0.0011701814666666666
0.007333829433333333
0.07233453949999999
0.6389893322

Opt 3

5.009333333333333e-07
3.053366666666667e-06
5.041686666666667e-05
0.00029193923333333335
0.0011893445333333334
0.006935005533333333
0.0634173486
0.5837697734

Std

8.862333333333334e-07
7.0739e-06
4.9738400000000005e-05
0.0005033172666666666
0.0015458123666666666
0.011777321799999999
0.11126241343333333
1.0696101589